4.2546 -0.9861 0.5551 -0.8318
1.7666 -1.8538 0.6580 -0.7530
-3.9515 -3.4457 0.3064 -0.9519
2.9361 -1.0052 0.3187 -0.9479
4.3588 -0.6093 0.5691 -0.8222
-1.6080 -4.0760 0.3574 -0.9340
-0.0173 -1.3772 0.3734 -0.9277
1.6883 -1.8236 0.4787 -0.8780
-0.2842 -2.8430 0.5956 -0.8033
-3.7086 -4.5561 0.4436 -0.8962
5.5144 0.8723 0.3802 -0.9249
-4.3326 -5.1252 0.4783 -0.8782
-1.0368 -1.7000 0.4927 -0.8702
5.9193 1.3929 0.5521 -0.8338
3.0235 -1.3249 0.4044 -0.9146
-2.7523 -3.6233 0.6373 -0.7706
-3.8164 -2.8400 0.6109 -0.7917
1.8377 -0.5656 0.5901 -0.8073
-3.6537 -4.7334 0.5588 -0.8293
4.0145 1.2198 0.4701 -0.8826
-6.8112 -4.8505 0.4460 -0.8950
6.4864 1.0864 0.6197 -0.7848
0.8193 -2.7537 0.5868 -0.8097
-0.7572 -2.4068 0.6377 -0.7703
3.7844 0.2372 0.3758 -0.9267
-3.0705 -3.8413 0.5676 -0.8233
-4.2145 -5.4545 0.5237 -0.8519
-5.4243 -4.3772 0.3717 -0.9283
-6.9450 -6.7969 0.5859 -0.8104
-5.4922 -5.8575 0.5266 -0.8501
-5.9690 -4.2410 0.5367 -0.8437
-6.3872 -4.7389 0.3008 -0.9537
3.0723 0.2726 0.5596 -0.8288
-0.8328 -1.7945 0.4033 -0.9151
2.4814 -1.0333 0.4509 -0.8926
-3.7431 -2.6731 0.5070 -0.8620
2.1217 -0.6612 0.4099 -0.9121
1.5613 -0.0392 0.6378 -0.7702
6.6216 1.8814 0.5477 -0.8367
6.3284 1.8913 0.6216 -0.7834
1.3496 -0.8568 0.5539 -0.8326
3.9813 -1.4804 0.4914 -0.8709
-1.9997 -1.9095 0.2453 -0.9694
2.6765 -0.1725 0.4486 -0.8937
-5.7100 -4.4361 0.3706 -0.9288
3.1514 0.2774 0.4563 -0.8898
5.2292 -0.4294 0.3631 -0.9318
2.8149 0.3918 0.3184 -0.9479
1.9392 -0.8944 0.4241 -0.9056
-0.3171 -1.0739 0.4274 -0.9041
3.8665 -0.8969 0.5201 -0.8541
5.1233 -0.9109 0.6330 -0.7742
-5.2365 -5.9968 0.3800 -0.9250
1.0629 -1.4559 0.3414 -0.9399
-1.2368 -2.0295 0.3107 -0.9505
-0.3043 -3.1728 0.3672 -0.9302
-5.5111 -5.0322 0.5450 -0.8385
-5.7996 -6.2431 0.5098 -0.8603
-2.1381 -2.5757 0.3783 -0.9257
1.4453 -1.1347 0.6192 -0.7852
-6.0618 -5.4342 0.6568 -0.7540
0.7753 -2.2934 0.2675 -0.9636
4.3371 -0.7836 0.4265 -0.9045
-5.3437 -4.8403 0.6505 -0.7595
-0.7622 -2.2659 0.5515 -0.8342
4.6701 1.6890 0.5693 -0.8221
-3.8588 -5.3494 0.3358 -0.9419
-2.1137 -1.5855 0.5131 -0.8583
-6.3517 -5.6447 0.4047 -0.9145
-5.9363 -3.6318 0.4661 -0.8847
2.2085 -0.1539 0.5024 -0.8646
-4.7357 -5.0849 0.3335 -0.9427
6.9364 2.0730 0.5325 -0.8464
3.8366 -0.5628 0.2969 -0.9549
-3.7907 -3.1712 0.5828 -0.8126
-0.7850 -3.6588 0.3767 -0.9263
1.5666 -2.2601 0.3284 -0.9445
-0.7571 -2.1507 0.2255 -0.9742
5.4789 1.9663 0.5533 -0.8330
1.7017 -1.3112 0.4819 -0.8762
5.8112 2.0968 0.5059 -0.8626
6.4884 2.2178 0.3069 -0.9518
4.9236 -0.0614 0.4732 -0.8810
1.2214 -0.6895 0.3690 -0.9294
-1.3159 -1.7435 0.4962 -0.8682
-6.2833 -5.3246 0.5420 -0.8404
3.9963 -1.3925 0.3908 -0.9205
-5.6927 -5.0884 0.4603 -0.8878
-3.2303 -3.4135 0.3370 -0.9415
-5.8917 -4.8589 0.3702 -0.9290
4.7420 -0.2738 0.3213 -0.9470
-4.1155 -2.9210 0.6521 -0.7582
-1.8704 -4.3526 0.5729 -0.8196
2.6211 -1.9256 0.3563 -0.9344
6.2704 -0.1322 0.2423 -0.9702
-0.4150 -2.7787 0.4629 -0.8864
2.4422 -1.3523 0.3745 -0.9272
-6.9782 -6.4403 0.4468 -0.8946
-6.8775 -6.9197 0.5419 -0.8404
1.6454 -0.2095 0.6077 -0.7942
