-2.3038 0.3829 -0.9182 0.3962
-2.0651 1.0105 -0.9394 0.3429
-3.1529 -1.9088 -0.9268 0.3756
-2.0469 0.9698 -0.9345 0.3559
-3.7947 -3.4587 -0.9108 0.4127
-3.5306 -2.9023 -0.9329 0.3600
-2.7010 -0.9168 -0.9111 0.4122
-3.5471 -2.8366 -0.9266 0.3760
-2.4583 -0.2065 -0.9249 0.3802
-3.7434 -3.4677 -0.9297 0.3683
-2.7579 -1.0175 -0.9065 0.4221
-2.4711 -0.1706 -0.9383 0.3457
-3.3383 -2.1570 -0.9244 0.3814
-3.8136 -3.7107 -0.9394 0.3428
-3.1273 -1.6197 -0.9230 0.3848
-2.8038 -0.9414 -0.9111 0.4123
-3.0737 -1.4878 -0.9276 0.3735
-2.5990 -0.4756 -0.9276 0.3735
-2.7229 -0.9621 -0.9380 0.3466
-2.0091 1.1257 -0.9083 0.4182
-2.4050 0.0090 -0.9310 0.3649
-2.8457 -1.1410 -0.9388 0.3445
-2.6162 -0.5438 -0.9237 0.3832
-3.1142 -1.7818 -0.9413 0.3377
-3.6414 -3.0465 -0.9115 0.4112
-3.4823 -2.7677 -0.9059 0.4234
-3.9129 -3.8477 -0.9404 0.3400
-2.1411 0.6192 -0.9463 0.3233
-3.4699 -2.6133 -0.9203 0.3912
-3.5162 -2.8965 -0.9367 0.3502
-3.5581 -3.0148 -0.9327 0.3606
-3.9858 -4.0288 -0.9308 0.3656
-3.8450 -3.4809 -0.9224 0.3863
-2.6654 -0.7761 -0.9469 0.3216
-2.1046 0.8308 -0.9301 0.3673
-3.1635 -1.9291 -0.9371 0.3490
-2.1961 0.6851 -0.9290 0.3701
-3.5773 -2.9657 -0.9302 0.3670
-2.6571 -0.6630 -0.9352 0.3541
-2.6528 -0.7099 -0.9133 0.4073
-2.7725 -0.9597 -0.9096 0.4155
-2.4696 -0.2366 -0.9382 0.3460
-2.9999 -1.4262 -0.9269 0.3753
-3.8013 -3.5493 -0.9056 0.4241
-2.3948 0.0492 -0.9194 0.3933
-2.5329 -0.4835 -0.9106 0.4133
-3.9340 -3.8531 -0.9110 0.4125
-3.8942 -3.9215 -0.9181 0.3963
-3.2213 -2.1871 -0.9403 0.3402
-3.8619 -3.5736 -0.9374 0.3483
-2.1479 0.7240 -0.9345 0.3561
-2.3525 -0.0110 -0.9332 0.3592
-3.1856 -2.1465 -0.9155 0.4024
-2.6938 -0.7184 -0.9174 0.3980
-3.2113 -1.8388 -0.9407 0.3392
-3.0844 -1.7466 -0.9384 0.3456
-3.7346 -3.2673 -0.9367 0.3502
-3.8050 -3.5237 -0.9356 0.3531
-2.5111 -0.1632 -0.9304 0.3666
-3.5676 -2.9208 -0.9270 0.3750
-3.6038 -2.9459 -0.9342 0.3568
-2.7491 -0.6904 -0.9454 0.3259
-3.3797 -2.4417 -0.9297 0.3683
-2.4828 -0.3967 -0.9431 0.3325
-3.0058 -1.7100 -0.9173 0.3982
-2.3041 0.1071 -0.9310 0.3651
-3.7276 -3.4928 -0.9144 0.4048
-3.5137 -2.9801 -0.9232 0.3844
-2.3278 0.2706 -0.9326 0.3610
-3.0656 -1.5210 -0.9063 0.4227
-3.1804 -2.0011 -0.9428 0.3333
-2.0682 0.9658 -0.9105 0.4136
-3.0140 -1.6745 -0.9221 0.3869
-2.6452 -0.7317 -0.9216 0.3881
-2.9793 -1.5503 -0.9323 0.3617
-3.5490 -2.9530 -0.9463 0.3233
-3.7787 -3.6129 -0.9417 0.3366
-3.5024 -2.7356 -0.9458 0.3248
-2.8562 -1.0987 -0.9241 0.3822
-3.2716 -2.1919 -0.9120 0.4103
-2.7473 -1.0346 -0.9309 0.3652
-2.8119 -1.1777 -0.9041 0.4274
-2.4956 -0.2518 -0.9343 0.3565
-3.8550 -3.6809 -0.9268 0.3755
-2.1883 0.5420 -0.9199 0.3921
-3.5089 -2.7286 -0.9293 0.3692
-2.0773 0.9121 -0.9296 0.3685
-3.9292 -3.7600 -0.9226 0.3858
-2.7858 -0.8363 -0.9209 0.3897
-2.8528 -0.9841 -0.9303 0.3669
-2.9967 -1.4725 -0.9335 0.3587
-2.4499 -0.1508 -0.9229 0.3851
-3.6579 -3.0444 -0.9319 0.3626
-3.3523 -2.2222 -0.9240 0.3824
-3.3744 -2.4004 -0.9272 0.3747
-3.7842 -3.3217 -0.9407 0.3392
-3.0848 -1.5358 -0.9239 0.3825
-2.0252 0.9896 -0.9330 0.3599
-2.4833 -0.1249 -0.9482 0.3177
-2.1925 0.3831 -0.9031 0.4294
-0.7996 0.3527 0.4065 0.9136
-0.7337 0.1741 0.5909 0.8067
-0.1417 0.0625 0.4123 0.9110
2.3011 -1.3137 0.4269 0.9043
2.5449 -1.0846 0.4550 0.8905
3.6265 -1.6830 0.5592 0.8291
3.9430 -2.0829 0.5116 0.8592
-1.6905 0.9976 0.3542 0.9352
2.7504 -1.3016 0.4221 0.9066
-0.2954 0.3206 0.3461 0.9382
3.0777 -1.5462 0.3789 0.9254
-0.5066 0.1512 0.4820 0.8762
1.3044 -0.7899 0.3898 0.9209
1.7439 -1.0103 0.5613 0.8276
2.5386 -1.3628 0.4057 0.9140
0.2157 -0.0590 0.3454 0.9385
3.2977 -1.6018 0.3161 0.9487
3.9973 -1.9898 0.4989 0.8667
0.1330 0.1114 0.5572 0.8304
2.0180 -1.1246 0.4898 0.8719
-1.5856 0.8597 0.4953 0.8687
0.1671 -0.1605 0.5129 0.8585
0.3018 -0.0416 0.5364 0.8440
1.9588 -1.0570 0.3723 0.9281
-1.0057 0.3695 0.4419 0.8971
1.5783 -0.7892 0.5417 0.8406
1.7436 -0.8389 0.4252 0.9051
-1.5738 0.9691 0.3785 0.9256
3.4444 -1.6729 0.3257 0.9455
3.5193 -1.7820 0.4543 0.8909
2.5116 -1.1742 0.4671 0.8842
-0.8250 0.4152 0.4821 0.8761
1.7893 -0.8991 0.3720 0.9283
-1.8844 1.0759 0.4534 0.8913
3.9003 -1.8285 0.3489 0.9372
-0.6065 0.2483 0.4476 0.8942
3.0593 -1.3776 0.3219 0.9468
2.5311 -1.2748 0.4344 0.9007
-0.0973 0.1180 0.5698 0.8218
3.5791 -1.6011 0.3569 0.9341
3.3251 -1.6913 0.3332 0.9428
0.2827 -0.2647 0.4169 0.9089
3.8102 -1.9832 0.5874 0.8093
-0.4382 0.3338 0.5438 0.8392
2.1473 -1.1553 0.4626 0.8866
1.2509 -0.7461 0.3465 0.9381
2.3566 -1.1218 0.5658 0.8245
3.2882 -1.8401 0.5919 0.8060
-0.4478 0.4108 0.5308 0.8475
1.0111 -0.5210 0.5740 0.8189
1.4339 -0.5504 0.5294 0.8484
1.9808 -0.8179 0.3423 0.9396
-0.8034 0.5850 0.5021 0.8648
-1.1271 0.4416 0.4374 0.8993
3.1650 -1.7551 0.3909 0.9204
2.5868 -1.2981 0.3801 0.9249
3.3801 -1.6950 0.4388 0.8986
0.9812 -0.3512 0.4970 0.8678
3.1478 -1.4348 0.3883 0.9215
1.4728 -0.5710 0.3721 0.9282
1.6411 -0.8491 0.5768 0.8169
2.3734 -1.1536 0.3714 0.9285
-0.2632 -0.0255 0.4391 0.8985
3.3952 -1.5689 0.4062 0.9138
3.1478 -1.4736 0.4728 0.8812
3.6473 -2.0231 0.4867 0.8736
1.8866 -1.0971 0.5258 0.8506
0.4458 -0.3751 0.4207 0.9072
0.5078 -0.1173 0.4897 0.8719
3.1296 -1.4675 0.4044 0.9146
1.9247 -0.8652 0.4388 0.8986
0.3060 -0.2084 0.4806 0.8770
-1.3671 0.8479 0.3454 0.9385
-0.0888 0.0458 0.5640 0.8258
-1.2654 0.7600 0.3942 0.9190
3.8950 -1.7642 0.5294 0.8484
1.7896 -0.9664 0.4618 0.8870
-1.5365 0.6663 0.5422 0.8402
3.5001 -1.6957 0.4146 0.9100
-1.1650 0.4189 0.3814 0.9244
-1.0588 0.5278 0.4361 0.8999
1.7345 -0.7319 0.2993 0.9542
-1.3008 0.7206 0.4991 0.8665
1.3341 -0.7587 0.5124 0.8587
-1.5819 0.6781 0.5196 0.8544
-0.6316 0.2046 0.5919 0.8060
3.2311 -1.7275 0.4767 0.8791
-0.1236 -0.0598 0.5416 0.8406
0.4435 -0.1667 0.3691 0.9294
0.4976 -0.4130 0.4137 0.9104
-0.3730 0.2381 0.3901 0.9208
-0.4259 0.1892 0.3844 0.9232
2.7886 -1.3077 0.5133 0.8582
0.9725 -0.4464 0.3346 0.9424
2.3075 -1.3199 0.4514 0.8923
3.6215 -1.7136 0.4112 0.9116
1.9448 -0.7816 0.5320 0.8468
2.6709 -1.2015 0.4673 0.8841
3.0445 -1.5508 0.5267 0.8501
2.9231 -1.4686 0.3394 0.9406
-0.0295 -1.3335 -0.1859 -0.9826
1.4929 -1.4509 -0.2423 -0.9702
-0.0278 -1.0677 -0.2181 -0.9759
3.7656 -2.0635 -0.2386 -0.9711
0.6319 -1.3475 -0.1724 -0.9850
3.5331 -1.8886 -0.1619 -0.9868
2.5362 -1.7181 -0.1958 -0.9807
3.0092 -1.8460 -0.2033 -0.9791
3.4723 -2.0359 -0.1799 -0.9837
2.8844 -1.9465 -0.2173 -0.9761
2.8440 -1.9363 -0.2585 -0.9660
1.7424 -1.6535 -0.2100 -0.9777
0.6826 -1.2208 -0.2266 -0.9740
1.8868 -1.5457 -0.1869 -0.9824
-0.1362 -1.0863 -0.2446 -0.9696
-0.1558 -1.0575 -0.1569 -0.9876
0.1781 -1.3595 -0.1627 -0.9867
1.5193 -1.5287 -0.2052 -0.9787
0.1232 -1.2426 -0.2311 -0.9729
2.8713 -1.9202 -0.2450 -0.9695
1.8658 -1.7175 -0.1645 -0.9864
2.5681 -1.6333 -0.1668 -0.9860
0.6697 -1.2942 -0.1991 -0.9800
1.2039 -1.5629 -0.2078 -0.9782
3.5169 -2.0395 -0.2272 -0.9738
3.4767 -2.0635 -0.1819 -0.9833
1.0840 -1.5395 -0.2234 -0.9747
3.0569 -1.6851 -0.1676 -0.9859
0.5335 -1.2573 -0.2034 -0.9791
0.6251 -1.3441 -0.1522 -0.9884
-0.4409 -1.2289 -0.1937 -0.9811
0.3720 -1.2013 -0.2315 -0.9728
-0.9230 -0.8798 -0.2318 -0.9728
3.6241 -1.9852 -0.2029 -0.9792
2.6362 -1.5893 -0.2375 -0.9714
0.2570 -1.2724 -0.1514 -0.9885
3.6781 -1.7840 -0.1735 -0.9848
3.6728 -2.0146 -0.2107 -0.9775
1.0350 -1.4114 -0.1736 -0.9848
0.9741 -1.2551 -0.1707 -0.9853
0.4806 -1.1716 -0.2131 -0.9770
1.2468 -1.4890 -0.2114 -0.9774
1.1431 -1.3420 -0.1381 -0.9904
2.7845 -1.9130 -0.2443 -0.9697
-0.8615 -1.0060 -0.2055 -0.9787
3.7791 -2.0263 -0.2317 -0.9728
3.2732 -2.0464 -0.1815 -0.9834
1.6643 -1.4114 -0.1625 -0.9867
-0.2100 -1.1000 -0.2158 -0.9764
0.7942 -1.1705 -0.1675 -0.9859
-0.5092 -0.9498 -0.2023 -0.9793
-0.4368 -1.3070 -0.2278 -0.9737
-0.6879 -1.2276 -0.1610 -0.9870
-0.0127 -1.1682 -0.2094 -0.9778
2.8697 -1.7350 -0.1536 -0.9881
1.4586 -1.5963 -0.1784 -0.9840
-0.4343 -1.0572 -0.1619 -0.9868
1.1278 -1.4231 -0.1982 -0.9802
2.8109 -1.5952 -0.2394 -0.9709
2.6858 -1.7016 -0.1379 -0.9904
2.0715 -1.6283 -0.2343 -0.9722
0.4130 -1.2649 -0.1480 -0.9890
-0.7416 -0.9908 -0.2561 -0.9667
2.6885 -1.7903 -0.1472 -0.9891
3.3682 -1.9860 -0.2285 -0.9735
-0.7844 -1.0139 -0.1840 -0.9829
3.0923 -1.7199 -0.2385 -0.9711
3.4244 -2.0543 -0.1737 -0.9848
1.1442 -1.4017 -0.2200 -0.9755
2.8623 -1.6746 -0.1672 -0.9859
1.2822 -1.4929 -0.1403 -0.9901
3.4180 -1.8507 -0.2127 -0.9771
0.2774 -1.1032 -0.1782 -0.9840
0.6397 -1.2402 -0.1903 -0.9817
0.3939 -1.3609 -0.1490 -0.9888
1.2786 -1.5156 -0.2283 -0.9736
0.3587 -1.4707 -0.1538 -0.9881
3.6943 -1.9656 -0.1931 -0.9812
0.4042 -1.3893 -0.2241 -0.9746
0.4504 -1.2961 -0.1584 -0.9874
0.7124 -1.1463 -0.1907 -0.9816
0.0818 -1.2085 -0.2530 -0.9675
-0.2858 -1.1028 -0.2053 -0.9787
3.9022 -2.1386 -0.1940 -0.9810
3.0545 -1.7091 -0.1688 -0.9857
2.3541 -1.7233 -0.2002 -0.9798
2.3332 -1.8049 -0.2287 -0.9735
0.2429 -1.0882 -0.2137 -0.9769
-0.6237 -0.9484 -0.1342 -0.9910
1.5538 -1.5966 -0.2216 -0.9751
0.6762 -1.3546 -0.1662 -0.9861
-0.0196 -1.1932 -0.1729 -0.9849
0.3527 -1.1249 -0.1944 -0.9809
2.4135 -1.8211 -0.1407 -0.9901
-0.4814 -1.2046 -0.1818 -0.9833
3.4848 -1.9542 -0.2085 -0.9780
-0.7380 -1.0190 -0.1491 -0.9888
1.8908 -1.7203 -0.2201 -0.9755
-0.8353 -1.0343 -0.2249 -0.9744
-0.1438 -1.3586 -0.2075 -0.9782
-1.5175 -1.4238 -0.7780 0.6282
-3.5621 -3.6114 -0.6001 0.7999
-2.3700 -2.5421 -0.8189 0.5739
-2.0352 -1.9679 -0.7732 0.6341
-1.4509 -1.2571 -0.6297 0.7768
-3.4067 -3.5670 -0.6301 0.7765
-3.9987 -4.0565 -0.7866 0.6174
-2.1636 -2.2974 -0.5803 0.8144
-3.6828 -3.5547 -0.8102 0.5861
-2.1749 -1.9780 -0.5097 0.8604
-2.0128 -1.8141 -0.4909 0.8712
-2.7792 -2.8749 -0.7471 0.6647
-3.8162 -3.6662 -0.5839 0.8118
-3.0632 -3.2266 -0.6213 0.7836
-2.9625 -2.9787 -0.6640 0.7478
-1.8971 -1.9619 -0.7616 0.6481
-2.1753 -2.0541 -0.7320 0.6813
-3.4968 -3.5553 -0.6419 0.7668
-3.4439 -3.5316 -0.5718 0.8204
-3.6327 -3.5192 -0.6155 0.7881
-2.1140 -2.2665 -0.6780 0.7350
-3.3024 -3.4943 -0.8148 0.5798
-3.8556 -3.7185 -0.6115 0.7913
-2.2380 -2.3489 -0.7767 0.6299
-1.9026 -2.0765 -0.7121 0.7021
-2.2477 -2.3953 -0.6682 0.7439
-3.6719 -3.7274 -0.6667 0.7453
-2.0975 -2.0694 -0.6988 0.7154
-1.9483 -1.9491 -0.5994 0.8005
-1.7415 -1.9368 -0.6249 0.7807
-1.9131 -2.0001 -0.5904 0.8071
-1.7891 -1.6161 -0.8364 0.5481
-1.2871 -1.1671 -0.5422 0.8402
-1.1709 -1.1594 -0.7545 0.6563
-2.1088 -2.2717 -0.6114 0.7913
-1.2068 -1.2186 -0.6962 0.7178
-2.2481 -2.2325 -0.8001 0.5999
-2.0442 -2.1757 -0.6270 0.7791
-2.1653 -2.1322 -0.7460 0.6659
-1.0993 -1.0796 -0.7239 0.6899
-3.1261 -3.2803 -0.8369 0.5473
-3.3472 -3.4011 -0.6527 0.7576
-2.7076 -2.6625 -0.6573 0.7536
-3.1241 -3.2390 -0.8177 0.5756
-3.9783 -3.9149 -0.7494 0.6621
-2.0183 -2.2123 -0.6327 0.7744
-1.3096 -1.3626 -0.7265 0.6872
-1.1041 -0.9540 -0.6612 0.7502
-1.6941 -1.7149 -0.7187 0.6953
-1.6171 -1.5632 -0.7128 0.7014
-1.1656 -1.3036 -0.5544 0.8323
-1.2996 -1.2490 -0.7268 0.6869
-2.5500 -2.6846 -0.6938 0.7202
-1.1070 -0.9921 -0.5542 0.8324
-3.9517 -3.8927 -0.7523 0.6589
-3.5165 -3.4676 -0.7712 0.6366
-3.4906 -3.4424 -0.6020 0.7985
-1.8627 -1.8133 -0.7655 0.6435
-2.0598 -2.0950 -0.7124 0.7018
-2.0913 -1.9020 -0.8186 0.5743
-1.4466 -1.3324 -0.5713 0.8208
-2.1011 -2.0967 -0.8136 0.5814
-3.3316 -3.3664 -0.5971 0.8022
-1.2814 -1.1864 -0.6194 0.7851
-3.5630 -3.5704 -0.6451 0.7641
-2.3577 -2.3024 -0.7667 0.6420
-1.2619 -1.1029 -0.5819 0.8132
-2.2051 -2.0591 -0.7281 0.6854
-3.2451 -3.2766 -0.8162 0.5778
-3.6658 -3.7864 -0.4846 0.8748
-1.9069 -2.0122 -0.7589 0.6512
-3.0037 -2.9770 -0.6455 0.7638
-2.3818 -2.4037 -0.7012 0.7130
-1.2934 -1.3132 -0.8351 0.5501
-3.3311 -3.3370 -0.6647 0.7471
-1.2016 -1.1688 -0.5594 0.8289
-1.4559 -1.3984 -0.6463 0.7631
-2.5506 -2.4519 -0.5571 0.8304
-1.6510 -1.4788 -0.6851 0.7285
-2.0430 -1.9153 -0.7350 0.6781
-1.1244 -0.9539 -0.8231 0.5679
-3.0764 -3.0451 -0.7082 0.7060
-3.8123 -3.7385 -0.6197 0.7848
-2.9979 -3.1572 -0.5901 0.8073
-1.1042 -1.2826 -0.7254 0.6883
-3.2742 -3.3262 -0.7486 0.6631
-1.6729 -1.7416 -0.6167 0.7872
-2.5221 -2.5575 -0.8727 0.4882
-2.2523 -2.4460 -0.7864 0.6177
-3.6069 -3.7559 -0.8193 0.5734
-1.5936 -1.6877 -0.8611 0.5084
-3.9049 -3.8765 -0.7580 0.6523
-1.8190 -1.6425 -0.5456 0.8381
-2.6639 -2.8075 -0.8052 0.5930
-2.8066 -2.9981 -0.5218 0.8530
-1.4817 -1.5818 -0.8323 0.5543
-1.3118 -1.4145 -0.7380 0.6748
-2.5318 -2.6888 -0.6585 0.7525
-2.4127 -2.4292 -0.6769 0.7361
-2.5607 -2.6960 -0.5254 0.8508
6.9176 -2.0580 -0.0621 -0.9981
6.9263 -1.8783 -0.0131 -0.9999
8.8764 -0.7458 0.9300 -0.3676
5.6476 1.4254 -0.7946 0.6072
5.3778 -1.2058 -0.8394 -0.5435
5.2882 -0.9341 -0.8670 -0.4983
5.8759 -1.7532 -0.5072 -0.8618
5.3627 1.1176 -0.8036 0.5951
7.8845 1.7530 0.4615 0.8871
8.5476 -1.0980 0.8322 -0.5545
6.7551 -2.0592 -0.0999 -0.9950
6.9238 -2.1819 -0.1227 -0.9924
7.7642 -1.9722 0.4171 -0.9089
5.8412 -1.6461 -0.6319 -0.7750
8.1041 -1.6954 0.4528 -0.8916
5.3721 -0.9698 -0.8052 -0.5930
8.6072 1.2172 0.8617 0.5074
7.8994 1.8714 0.4688 0.8833
8.1728 -1.5089 0.4730 -0.8811
8.6720 1.1296 0.7871 0.6168
8.1728 -1.6416 0.5279 -0.8493
5.9477 1.5672 -0.6073 0.7945
5.4057 1.2794 -0.8104 0.5858
7.0755 -1.9135 0.0711 -0.9975
6.6628 2.0980 -0.0653 0.9979
7.3812 -2.1104 0.1838 -0.9830
8.3698 -1.5622 0.5482 -0.8364
5.4111 1.3382 -0.7839 0.6209
8.2643 1.4862 0.5574 0.8303
5.0473 -0.6147 -0.8962 -0.4437
6.0050 -1.8843 -0.4670 -0.8843
5.5109 -1.2850 -0.7558 -0.6548
8.7666 -0.7710 0.8784 -0.4779
6.1633 -1.9148 -0.4747 -0.8802
7.4076 -1.8246 0.3535 -0.9354
7.3146 2.1201 0.0241 0.9997
6.6658 1.8284 -0.0993 0.9951
7.1150 1.9238 0.0666 0.9978
6.6460 -1.9247 -0.2741 -0.9617
5.4137 1.2552 -0.7826 0.6225
6.2137 -2.0228 -0.3720 -0.9282
5.1376 -0.6182 -0.9118 -0.4107
5.5626 1.1978 -0.6370 0.7709
7.4912 1.9355 0.2554 0.9668
5.5847 -1.3905 -0.7086 -0.7056
7.4433 -2.0327 0.1851 -0.9827
6.0428 1.6896 -0.5387 0.8425
6.1296 -1.8139 -0.4451 -0.8955
6.1188 -1.6584 -0.3697 -0.9291
7.5970 -1.7380 0.4420 -0.8970
5.4693 -1.1151 -0.7989 -0.6014
5.7492 -1.5490 -0.6914 -0.7225
7.6627 1.9922 0.2148 0.9767
5.3265 0.9502 -0.8779 0.4789
7.2293 -2.0562 0.0360 -0.9994
8.4721 -1.4180 0.7459 -0.6660
7.6508 2.0711 0.3526 0.9358
6.0458 -1.6302 -0.4940 -0.8695
6.1424 -1.6145 -0.3777 -0.9259
8.0874 -1.6862 0.6386 -0.7695
8.4191 1.3761 0.7415 0.6710
5.3907 -1.0729 -0.8917 -0.4525
5.5513 -1.2965 -0.7037 -0.7105
5.1502 -0.6920 -0.9669 -0.2553
8.3868 1.4819 0.6371 0.7708
5.7684 1.4330 -0.7618 0.6479
8.3634 -1.5190 0.6963 -0.7178
8.9408 -0.4552 0.9508 -0.3099
7.2942 1.9389 0.1365 0.9906
6.4256 -1.7721 -0.4016 -0.9158
5.8436 -1.7255 -0.5637 -0.8260
6.7915 2.0084 -0.2037 0.9790
7.1837 2.1006 0.1343 0.9909
8.4718 -1.3636 0.7296 -0.6839
7.5967 2.0415 0.2236 0.9747
8.4335 1.3288 0.7469 0.6649
5.4936 1.5108 -0.7210 0.6929
8.8754 0.8264 0.9046 0.4264
7.6680 2.0188 0.3496 0.9369
6.6729 2.1189 -0.0559 0.9984
6.3227 -2.0103 -0.4365 -0.8997
5.7083 1.6458 -0.7209 0.6930
6.9183 2.1344 -0.0595 0.9982
7.9371 1.9061 0.5613 0.8276
7.2599 2.0243 0.1886 0.9821
8.9861 0.3779 0.9825 0.1861
5.2979 -1.0710 -0.8523 -0.5231
8.2019 1.6935 0.5159 0.8566
7.5577 -1.8072 0.3155 -0.9489
8.0510 -1.5350 0.5666 -0.8240
5.5606 -1.4889 -0.6618 -0.7497
8.4606 1.4426 0.5973 0.8020
5.9813 1.7892 -0.4979 0.8672
7.4579 2.0324 0.2228 0.9749
8.7993 0.6882 0.8975 0.4409
7.2662 1.8184 -0.0175 0.9998
8.4996 1.3994 0.7427 0.6696
5.2661 1.0853 -0.8395 0.5434
5.5615 -1.2609 -0.8063 -0.5915
7.9373 1.8743 0.4923 0.8704
