200
0.665836704645 0.0742365540218
0.136506381762 0.568301910955
0.560163689897 0.670551646747
0.578779801948 0.471092633865
0.442841976447 0.461481246851
0.12992842061 0.996027099144
0.239233291379 0.880059358312
0.94456572772 0.966797666133
0.819574109087 0.534560298702
0.452590967354 0.490951661541
0.386311544633 0.483093919968
0.872600512871 0.825009059967
0.977817148287 0.662722164237
0.975522286349 0.653311687641
0.976983180438 0.973811034655
0.715064726426 0.461060837022
0.157711835303 0.0996581520433
0.952831702903 0.00704268806673
0.454770373097 0.693239021799
0.577532250526 0.372906890408
0.431910619218 0.747137223048
0.806067344441 0.559301968516
0.244401829978 0.579571713106
0.927666929534 0.184575057999
0.244310954328 0.230453659676
0.470158497957 0.682552853052
0.769417909977 0.722890637197
0.593131738092 0.555255467034
0.987517191545 0.903646267624
0.247453322023 0.392154650104
0.558994739469 0.868754662913
0.209702197051 0.752051904837
0.375048463652 0.0219480807013
0.122741645879 0.683514579658
0.0347491724314 0.259414425875
0.973552658458 0.19610810646
0.931322535386 0.565299754597
0.474967797751 0.00851901589776
0.298843742238 0.204481385655
0.00845057470433 0.120650595926
0.724403361993 0.982124606905
0.444109578087 0.764619190962
0.930380938238 0.134647167099
0.597534048046 0.0794643427394
0.10838586916 0.00520595786659
0.664809086702 0.862406259938
0.843974436534 0.486885985083
0.0639824421114 0.892433221501
0.327166772993 0.017579570824
0.479924105618 0.37240467546
0.949274916295 0.786480201757
0.992007932998 0.313127033728
0.354550109348 0.824135140632
0.713843013176 0.742226087833
0.896591999801 0.597924125529
0.273487393683 0.0879502727246
0.399614386407 0.81611403307
0.960087240894 0.633801624195
0.914394495782 0.468300028862
0.654181005069 0.377472863887
0.532648598805 0.700873285954
0.31471123535 0.4744867365
0.487969226394 0.685506777315
0.144457064862 0.336437501021
0.657946841037 0.75211025237
0.521352432501 0.0497493485466
0.186922947802 0.612059727955
0.376110472662 0.719844224639
0.696458792427 0.495856001427
0.30770468065 0.944425619862
0.674842384063 0.954910683132
0.678563431305 0.371701588239
0.0397314545365 0.305259944008
0.834541340662 0.319687175091
0.24886520143 0.384817059562
0.812939322191 0.58811246949
0.168999652493 0.74451239685
0.592861434024 0.237152968252
0.136637297522 0.981837742132
0.137197564801 0.815238358055
0.300917996182 0.852487874042
0.384130699198 0.500272965539
0.437080659229 0.166012255493
0.368012328366 0.980678780591
0.306307922233 0.961113494235
0.407843730985 0.0767521989363
0.38935289889 0.144487942327
0.0579746044541 0.205426729695
0.723091041164 0.203985443707
0.307131147422 0.0202579968291
0.0662006451169 0.952130514341
0.715967086523 0.0990812129243
0.108826985431 0.0142481101056
0.640668790103 0.73160946497
0.32159039951 0.679962260691
0.681898503569 0.532826615856
0.905585968293 0.0358450580869
0.177399872976 0.555045818363
0.751887326443 0.470139204107
0.250571756423 0.868329323504
0.606184512109 0.93068384809
0.576772830618 0.612108854567
0.859386427866 0.342830336742
0.617326363114 0.601540355579
0.80954572844 0.030251363218
0.48434673023 0.396098189798
0.582743231393 0.821695289342
0.44519293339 0.832432491555
0.0556068833362 0.559420174063
0.804386011975 0.905268248546
0.131478337758 0.239293425201
0.955495553499 0.593500196563
0.725182417222 0.103054740396
0.504389200786 0.109271740879
0.0219125132874 0.812368609636
0.982053357052 0.22580365588
0.559921253332 0.813420910925
0.77034003027 0.362356159082
0.938808678493 0.19621070731
0.381218391537 0.377667398436
0.342681055745 0.610495001586
0.00309638129284 0.766597389031
0.577919651218 0.290360173613
0.401022711761 0.876080678396
0.467466452947 0.591907770037
0.0153328771585 0.910338633727
0.0828956424217 0.366400978616
0.0716054283041 0.560054434483
0.0981326538159 0.51861830508
0.538138608455 0.94802315294
0.356386722766 0.349015438567
0.0648775725047 0.5930639116
0.292298045526 0.375740115615
0.980490896925 0.782674698629
0.334029158015 0.811917049661
0.230649450885 0.300436641041
0.319153704899 0.828254407829
0.0300998993624 0.206790897564
0.416946023588 0.296179304325
0.693928002522 0.615855499026
0.0597803152742 0.0125217644431
0.0602423756637 0.991192794408
0.604237579141 0.521384249938
0.761212037636 0.688256282645
0.719386212232 0.274589084902
0.972135025736 0.721904731558
0.157193780789 0.615818180436
0.855088148476 0.737546706855
0.0950600508309 0.819300800834
0.462042221986 0.218262574859
0.767244139869 0.0796851465536
0.650047361127 0.380513109835
0.743979422261 0.545510692124
0.446577555395 0.725191348481
0.400110327736 0.372225753256
0.242572025045 0.133194331521
0.534247097227 0.803821129199
0.847985539719 0.609688470602
0.981157098428 0.299688992297
0.285623511659 0.275517324521
0.161181822116 0.337086459795
0.253426766798 0.355578325609
0.614084472924 0.578925893586
0.219475695448 0.860939336702
0.0116078882274 0.434908987575
0.336066854207 0.048387194581
0.33550908314 0.467609326824
0.180827038111 0.266455624367
0.874282846848 0.85846792778
0.849424800349 0.211922156637
0.00835625473406 0.733440169283
0.548402969261 0.672692193644
0.0628634171518 0.463390756748
0.661941898123 0.354705109998
0.805241588882 0.407591891687
0.0154080133145 0.579372990299
0.0568537519607 0.237256644244
0.098549056438 0.233424798365
0.597797258744 0.353171358696
0.69148396635 0.294894021286
0.0299307748924 0.274980003855
0.478254579143 0.203487700424
0.288431373784 0.612947205376
0.757017515893 0.601665065233
0.30080915318 0.411891204696
0.802864941547 0.238080777097
0.81502542897 0.381503982831
0.489586586186 0.526689938811
0.956032944244 0.936151790767
0.0218699762821 0.995195178692
0.602800034258 0.541183069332
0.341896915523 0.638756303141
0.0293847968567 0.161005952153
0.691572388729 0.822629505942
0.0803480970465 0.671792750813
0.347960037403 0.084183385115
0.389351195183 0.743475030951
0.477140492804 0.551289168397
0.22185692035 0.15920474515
0.725922475343 0.674468634621
